y ennonmnnnn 161

11333133133131331313313, 13133 3333333133 Ρ333133, 33
3333 313313 y 3311311133 3333 3313313333 33 1313131313 333(
33 31333331333133 extraordinarias pneden 31133133313133
33131333 133 01113333, y 313 133 31333133 1331333333. Annis
131 3311331313 la muerte, en el (33333313 31 axioma
3331313 333 31 Concilio Tridentino, 3333 1313 33333333113,
’ 3131113313133 133Τ3113333 qne el (1331333333333333313
333313313133313 3133313333 13 1131133 censuras 333313 33
’13 (1113311313 13 3133133113 1131313333311333 (13 infernin
' ὁ 13 3333131313 greve. 1331333313113 133131133333311-
gnos, 3133313, 33133133 qne, 333333 13 qne 13333 11333-
, 311313 31 333113313 33333313 33133331313313 ei 13 83313 8313
= 3333131331333 13 3133133113, 331313 1133313 3331333133 ’
(13313333 3331313313 333313 ,13333 (13 133 3333333133
ἱ3333133113 33 13 8313313 13 Cena ὁ speciali modo, 33133
1131333333 31 presente. Este 33131313,333133113 333 833
’31113333 Μ3313 1311333313, 113 3113 1313111113 333 nasi
13133 133 [3333113133 3313133333, (31133333133113, 33 333-
133311131333 13 13313133 131 83313 1133133, 3313333 31
83313333 33331133131313 3111333113 de 33333313 333
3333113 (1 13 83313 Sede, 1331131333 3333 3113, 33313 31
33313133 13 8331 Β31133131 y 31333, 33 qne 3313 33 33
3313113313131 3331 33 1333311133311313 3333.
«nes despues 131 1333313333 333 33333 y de 13
’ 3333133113 133 terminante de 13 8333313 633333333113
13 13 1313313ἰοὶ133, dicha 3313113 33 33 segem, y de
33331331331333 33313 33331333 33 13 33131133.
«Es 333131 qne 13 8333313 Ρ331133313313, 33 5 de
13113 13 1851, 1331331 que nn 13113133111313333 31
(13313333 qne 3133133333 13 33331133 33 31 1311333113
1 13 Ρ331133313133331313333 ,(13-833 1113333 13 ¹Lign-
313; 3333 neme quiere 333333, 3313 3333133113, 333
, senten general, 133 13 3313313333 333 3133133 11331133ἰοί
3333 (3333313333, 313313 3331331133 13 13 que 13
’ 83313 Sede nn 133331133333311133333313313333 3313113
131 83313 1133133, ,333331333313 en, 31 3333 33333313,
’ 3333 33133333 ’31333 33 (3331131313 13333 1333131313 31
(13313333 qne se 31113333 33 333313 13 3313131313 833 Li· “

gorio, 3331133313 y deelaredn 13333333333132813313 8313. 1

 

