0100001000 51

10111110011101000110 los 0010011011100, 010 0111οἰ11010 10
’1000 01 1101110100 00001101 0011000110 011 00110 000 10
80010 801010 que 0011100 0010010100 01000 conveniente
sobre 01 0011100101. ·

2⁰ De 100 00000100 comunes 01111000 011101001οε 10 .

· los 0101010010 (100110 01101100 10 (0100010000, 1011-
rados 101 00111010,0 10100 10 000 01010100, 1110000 0110-
100, 000000 00110 00 01001110. , ’
, 5.⁰ De los 1011100 comunes 0010011100 00 110110 001
10 0001110 01010 001100 0001111100 de 100 010000100,
0011110100, 10011010000, 1111110000 0010000 10 0101100,
0111110110, 1 1000010100 10010 10 00010000011100 0010·
110010100100.

10 De los 1011100 000110 10 0001111101 10101101 101
1101010 0101 01100 01111100, 000010 10 1011011110 0-00-
1101110 00100000 00110101 militam (10 100 10 01001010 0
“ 10000010 000110 10 001011101, 1011101100 110011101100 01-
11110000 0001010100 00010100 10 10010 10101110οο110 10
001100, 0101000, 1000010- 0 (100001001οο 0111111100 10
1001011100 10 10110 00 000111110, 01011011οο 0010010
10 100 injuria 0 0010111010 1 personasque no 0000 mi-
litares; de los de 101100100111010 100 1010011110 10 010000
0 00011010010 10 0100100 0010000100 1101110110 000101-
010 0011101110 00 110110, 010 100 001001101οο 001 los*
militares 011100 10 0011000001 1 10 Μ111010, 0010010 dadon
10 baja 00 0110, 1010010 10 1000101111 6 0001100010-
00110 10 01010 1001100 6 001οο 01111100.

5.⁰ Delas 101100 0001100100.οη 01 lib. 5.⁰ 1011311100
00001, 01100010 0100οΙ100 1 100 000100 0110000100, 10-
0100100100, 0 1100100 militares 101 1111101100 1101010 00·
111100 000 100001 0000 000010 100100 0001011100 001

0111110100, que 00110 10 10 001000100010 1010 00110110- ’ ’

01110 10 (100110 0 10 1011101100.

6.⁰ De 100 00000100 0111100 0 000000 criminales 10 , ,’

1110 0010000100 1001101110100 1111000000100. 1
7.⁰ De 100 000001οο 10 1100100111 0 10100 1011100 ι
10 000110110010, 1011001001110 0000 conexos, excepto 01
1010010100οἰ0 0101010 1100 1000001100 10 000100.
8.⁰ De 10100000100100100011100.

 

