1711 11111100100011

1111. Si 00010 0010001100οε 1110 0100010οᾙ 0 000000
1011101010010010001, 1111 100111110100110001, 01101110οι0
110111 1111111 00110111 0010110011110 1 111111001111111
0001111, 1 porqne de 0110 100110 10 1000001 1101 110-00-

1 1 dotes 0011001 0011 111 1101010111 10111 Misus:

· 11111. Si ’01 1000001110101110 111 11010101110110010
’ 11011010 111 10 0110001110 y 001111111 001 101 01111001,1110
011101011 111010 que resulta de 11 0000101110111 0100-
0100111 0110111 111001111101111 101111110111101 10 101

’ 00110101011100 0010 1011100110, 010 11 fomento de 011011

1111011110 0111101111 · ,

1111. 81 00000010 11000001000110110 01110 001·
1011010 10 100 00000011101 000101110100010101110
1101111, 101-1010 00110010 111 111001011 10 11111111 1010 “
1110 10011110 10 101 110101 0 101001001 0101, 1101
“ 11110101, 011101100010 101101 001101001001 que se.
,1011101111 1000000111, 011 000111111 10 11101, 000 110,
110001 0011 0011111 00010101 «

111. si 10000010 1 10100 0010οἱ101100 1110 001·
10 11010 11 100 01010011101 00011111101,0001011111]ὀ
· 10101,101 qne 001111 11111111’«1·0011100 1111101101 111110-
001 y 101101110011111001 11 01011 10010100111, 001 10
101 1011010, 011 011, 01 000010 10 11111·

111111. Si· 01 110110 1 101 (11111001, 110 01 0001011010
11 811111 Sede, de 101Ιί0101011 10 ’111 Μ1110, qm¹

101110 101 11010100100010 11010111 011010011101010101, '

01101110 11011111 011010 0101 11 110000 0000111100110110
1010110111001, 1010011010ῐο 0111010 101 110101010101-
10000 10 1111101 ,

»En 11 1111111 01000111 11111111 10 011110111871,
10101110 1131000111 1οοοι0010100.

»Ad l.-Affirmative.

1111 l[.—Negative. ,
. 11111111, [vs 01 1401000110.

»Ad VIL—Negative, si no es con consentimiento‘
de los donantes»

Mas 000111010 000 00 01101 1111111101 1001, 001000 1
1000010011,00100010111011,10111111101001111000
01111 1111011101 00010111011011 10 0111111101111101 111-

 

